858: Àwọn ìṣàkóṣo ni a ṣe ìbáramu pẹ̀lú àwọn ọ̀ràn náà ní ìbámu pẹ̀lú ọjọ́ ìforúkọsílẹ̀ àti ẹgbẹ́ ọjọ́ orí.
859: Ii) Àǹfààní CXR jẹ́ ogorun pere ninu ogorun-un pàtó fún àrùn ẹ̀dọ̀fóró tòótọ́. --> being played
860: Iii) Àǹfààní àwọn àwárí CXR kò dá lórí wíwà àrùn ẹ̀dọ̀fóró malaria.
861: Èyí túmọ̀ sí wípé p je odo ó sì jẹ́ kí a ṣe àyẹ̀wò p ọ̀kan gẹ́gẹ́ bí ìpín àwọn àrùn ẹ̀dọ̀fóró malaria láàárín àwọn ọ̀ràn àrùn ẹ̀dọ̀fóró WHO.
862: Ní ọ̀rọ̀ mìíràn, v, níbi tí v jẹ́ ìpín àwọn ọ̀ràn àrùn ẹ̀dọ̀fóró malaria láàárín àwọn ọ̀ràn àrùn ẹ̀dọ̀fóró WHO. --> being played
863: Láti ṣe àyẹ̀wò ìpín àwọn àrùn ẹ̀dọ̀fóró, p2, a lo dátà CXR.
864: A ṣe àyẹ̀wò pmeji gẹ́gẹ́ bí q tí a fi factor sigma ọ̀kan (ð okan) vÞ jer ṣe àfihàn àìpé ìfààní CXR. --> being played
865: Ṣàkíyèsí pé r  je sigma ọ̀kan (ð okan) vp bá ìwọ̀n tí ó jẹ́ CXR-positive nínú ẹgbẹ́ malaria-slide-negative (Ẹgbẹ́ ọ̀kan). 
866: Nítorí náà, bí ẹgbẹ́ yìí ṣe jẹ́ àwọn ọ̀ràn pneumonia tòótọ́ nípa àbájáde ọ̀kan, a ń gbé q sókè nípa ọ̀kan/(ìfàmọ́ra CXR). --> being played
867: A lo èyí tó kẹ́yìn gẹ́gẹ́ bí ìṣirò iye àwọn parasitaemia malaria ní àwọn ibi PERCH.
868: Jẹ́ kí lambda (λ) tọ́ka sí ìwọ̀n apapọ ti pneumonia WHO ní gbogbo àwọn ibi PERCH àti u tọ́ka sí ìfàmọ́ra malaria par asitaemia nínú àwọn ìṣàkóso PERCH. --> being played
869: Gẹ́gẹ́ bí ìṣàyẹ̀wò ìfàmọ́ra, a tún ṣe ìṣirò PPV ní ìwọ̀n pneumonia tòótọ́ tí ó jẹ́ odo.
870: Màrún àti ìlọ́po méjì ju ìwọ̀n PERCH lọ.
871: A tún lo àpẹẹrẹ náà láti ṣe ìṣirò ìpín ti pneumonia WHO tí àkóràn malaria fà, i.
872: Ìpín tí a lè fi ṣe àkójọpọ̀ ènìyàn.
873: Ní pàtàkì, a lo àpẹẹrẹ náà láti sọ àsọtẹ́lẹ̀ ìpín tí a lè fi ṣe àkójọpọ̀ ènìyàn, lẹ́yìn náà a sọ ọ́ di púpọ̀ nípa ṣíṣe ìṣirò ìpín tí a lè fi ṣe àkójọpọ̀ (AF). --> being played
874: Ní àkókò kan náà, àwọn ọ̀ràn ẹgbẹrun ati ẹgbẹ̀ta ati àádọ́ta ní àbájáde CXR àti àbájáde ibà, pẹ̀lú ọ̀ọ́dẹ́gbẹ̀rin ati mèjìdínlogorun (mèjìdínlàádọ́ta.
875: Mẹ̀rin pere ninu ogorun-un) tí ó fi àmì àrùn radiological hàn, àti mẹ̀tadínlọgọ́rin (mẹ̀rin. --> being played
876: Mèje pere ninu ogorun-un) tí ó ní àbájáde ibà iba.
877: Àwọn ànímọ́ ìṣègùn ti àwọn ọ̀ràn náà ni a fihàn nínú Táblì ọ̀kan.
878: Láàrín àwọn ìṣàkóso àwùjọ ẹgbẹrun mèjì ati ogorun ati mẹ̀talélàádọ́ta pẹ̀lú àwọn àbájáde ibà tí ó wà, ọgbọ̀n (ọ̀kan.
879: Mẹ̀rin pere ninu ogorun-un) ní ìfàsẹ́yìn rere: ẹ̀ẹ́dógún/ẹgbẹ̀rin ati ẹ̀rìnlá (ọ̀kan.
880: Mẹ̀jọ pere ninu ogorun-un) ní Kenya, mèje/ẹgbẹ̀ta ati ọ̀kàndínlógún (ọ̀kan. --> being played
881: Ọ̀kan pere ninu ogorun-un) ní Gambia, àti mẹ̀jọ/ọ̀ọ́dẹ́gbẹ̀rin ati ogún (ọ̀kan.
882: Àwòrán ọ̀nà tí a lò láti ṣe ìṣirò PPV ti ibà tí ó wà nínú ìṣègùn gẹ́gẹ́ bí WHO ṣe ṣàlàyé rẹ̀. --> being played
883: Nítorí pé a kò mọ ipò ibà tí ó wà ní tòótọ́, ìṣirò taara ti pi kò ṣeé ṣe.
884: Àkọ́kọ́, a ṣe ìṣirò p1 nípa ríronú pé àwọn ìlànà ibà tí ó wà nínú WHO jẹ́ ogorun pere ninu ogorun-un pàtó láàárín àwọn aláìsàn ibà tí ó wà nínú ibà. --> being played
885: Èyí túmọ̀ sí wípé p  je mèjì.
886: Lẹ́yìn náà, láti ṣe ìṣirò pmeji, a pín q nípa ìṣirò ìmọ̀lára CXR.
887: Níbí, a gbà pé Ìmọ́lára CXR kò dá lórí àrùn ibà.
888: Níkẹyìn, nípa lílo òtítọ́ pé àwọn ìṣeéṣe náà jẹ́ ọ̀kan, a lè ṣírò p3 gẹ́gẹ́ bí p  je mèjì. --> being played
889: Ìpínyà àwọn ọmọdé tí a fi sínú ìwádìí àti àwọn ìdí fún yíyọkúrò.
890: Àwọn ànímọ́ àwọn aláìsàn ẹgbẹrun ati ẹgbẹ̀ta ati àádọ́ta tí wọ́n ní àrùn ibà tí a ti sọ ní ìṣègùn àti ìwádìí pípé lórí ìṣàn ibà ibà àti àwọn àbájáde CXR. --> being played
891: Ọ̀kan) CXRþ, àyà-X-ray-positive; CXR–, àyà-X-ray-negative. --> being played
892: A fúnni ní hemoglobin ní giramu fún deciliter kọ̀ọ̀kan.
893: A wọ́n iye sẹ́ẹ̀lì funfun gẹ́gẹ́ bí ẹgbẹẹgbẹ̀rún sẹ́ẹ̀lì funfun fún microlitre kọ̀ọ̀kan.


All are generated Yoruba discrete
===============================================================================================================================
sample 866 @epoch185
[17, 309, 479, 479, 331, 278, 278, 17, 465, 465, 77, 323, 54, 54, 224, 224, 273, 494, 494, 380, 468, 406, 406, 406, 406, 467, 337, 337, 337, 339, 116, 33, 10, 10, 10, 309, 479, 331, 331, 84, 426, 426, 426, 426, 426, 375, 375, 98, 98, 98, 263, 263, 13, 13, 13, 414, 102, 82, 170, 312, 312, 187, 187, 187, 187, 187, 12, 12, 12, 12, 12, 2, 12, 2, 2, 2, 244, 73, 435, 435, 435, 435, 244, 63, 244, 73, 73, 73, 73, 320, 7, 7, 7, 32, 32, 354, 354, 420, 420, 213, 213, 213, 213, 246, 246, 246, 246, 246, 246, 246, 3, 3, 3, 188, 188, 188, 143, 143, 236, 416, 129, 129, 259, 354, 354, 431, 109, 278, 403, 403, 171, 171, 171, 171, 246, 246, 246, 246, 246, 246, 246, 422, 99, 99, 338, 338, 338, 338, 338, 400, 400, 400, 444, 324, 464, 171, 252, 314, 314, 239, 239, 239, 422, 108, 107, 395, 395, 286, 286, 286, 464, 464, 264, 264, 264, 315, 315, 315, 315, 282, 282, 282, 450, 413, 203, 250, 250, 250, 276, 276, 138, 138, 138, 138, 182, 182, 182, 182, 182, 182, 182, 182, 182, 372, 59, 59, 59, 406, 406, 406, 467, 467, 134, 375, 302, 302, 375, 375, 375, 98, 122, 385, 197, 197, 196, 309, 309, 479, 479, 398, 398, 84, 84, 88, 88, 88, 43, 43, 43, 43, 182, 182, 182, 387, 387, 242, 242, 116, 33, 10, 10, 309, 398, 398, 398, 464, 464, 120, 355, 460, 460, 178, 263, 263, 263, 414, 414, 414, 414, 187, 187, 187, 187, 392, 392, 2, 2, 392, 392, 2, 2, 392, 392, 73, 244, 73, 73, 73, 373, 66, 66, 323, 323, 482, 106, 106, 153, 153, 153, 182, 182, 182, 182, 182, 182, 182, 182, 182, 387, 122, 122, 122, 129, 129, 129, 401, 310, 270, 323, 323, 115, 273, 106, 106, 387, 387, 387, 319, 348, 94, 94, 199, 199, 199, 499, 385, 385, 457, 197, 414, 401, 7, 354, 354, 346, 346, 265, 240, 240, 285, 285, 355, 355, 355, 460, 167, 285, 440, 287, 287, 460, 460, 215, 215, 32, 401, 32, 239, 354, 106, 486, 486, 460, 240, 35, 239, 239, 36, 107, 395, 180, 486, 486, 460, 240, 240, 240, 239, 239, 371, 371, 324, 371, 485, 286, 286, 374, 132, 88, 132, 98, 98, 98, 98, 401, 401, 401, 354, 144, 441, 441, 100, 100, 98, 98, 98, 98, 170, 170, 170, 170, 170, 170, 170, 170, 170, 170, 392, 28, 392, 2, 2, 2, 2, 73, 73, 73, 63, 73, 73, 73, 73, 73, 73, 73, 73, 73, 435, 435, 244, 73, 73, 73, 73, 73, 73, 73, 73, 287, 287, 240, 240, 240, 240, 284, 284, 284, 284, 450, 450, 450, 276, 276, 276, 276, 276, 174, 174, 413, 348, 33, 473, 394, 212, 32, 32, 32, 32, 32, 180, 264, 476, 476, 476, 171, 171, 252, 310, 143, 143, 458, 354, 144, 445, 445, 445, 445, 219, 219, 477, 374, 132, 132, 132, 132, 132, 274, 122, 186, 186, 232, 323, 482, 482, 482, 482, 323, 336, 470, 443, 387, 153, 43, 274, 129, 129, 129, 401, 401, 354, 75, 445, 445, 445, 213, 213, 171, 171, 454, 454, 358, 143, 143, 197, 197, 401, 414, 188, 196, 309, 479, 398, 340, 278, 385, 143, 401, 401, 401, 7, 354, 354, 354, 346, 284, 486, 460, 315, 450, 450, 206, 206, 35, 14, 35, 354, 411, 100, 100, 98, 182, 98, 98, 129, 401, 401, 401, 244, 401, 441]



==============================================================================================================================================================
sample 882 @epoch189
[17, 287, 111, 111, 111, 111, 293, 43, 43, 43, 364, 276, 276, 153, 153, 387, 387, 387, 42, 406, 406, 406, 406, 380, 499, 499, 284, 284, 426, 426, 426, 426, 426, 426, 426, 426, 426, 413, 348, 348, 195, 10, 10, 309, 479, 331, 331, 307, 307, 426, 426, 306, 167, 167, 35, 35, 36, 77, 478, 342, 68, 68, 115, 115, 267, 267, 448, 464, 464, 464, 464, 180, 486, 284, 265, 85, 85, 85, 240, 285, 285, 285, 34, 134, 134, 132, 132, 251, 251, 251, 241, 431, 486, 486, 460, 240, 240, 35, 35, 77, 342, 342, 224, 494, 494, 422, 99, 338, 338, 338, 338, 338, 338, 400, 400, 400, 324, 324, 246, 246, 246, 246, 422, 99, 338, 338, 338, 338, 338, 338, 400, 400, 400, 374, 374, 374, 132, 132, 132, 132, 132, 132, 100, 497, 497, 129, 129, 129, 401, 401, 401, 74, 420, 213, 213, 213, 301, 143, 129, 129, 401, 354, 354, 74, 420, 213, 213, 324, 301, 301, 173, 173, 280, 280, 280, 280, 485, 213, 213, 213, 246, 246, 246, 19, 19, 454, 229, 170, 170, 170, 170, 82, 170, 187, 170, 292, 292, 292, 201, 201, 201, 408, 408, 391, 391, 73, 391, 391, 244, 73, 73, 73, 289, 66, 66, 66, 172, 172, 172, 115, 267, 267, 267, 267, 213, 246, 246, 246, 246, 246, 246, 246, 246, 246, 246, 301, 8, 354, 354, 354, 354, 354, 354, 84, 284, 284, 376, 460, 240, 240, 239, 35, 77, 224, 342, 342, 232, 172, 267, 494, 219, 152, 374, 374, 132, 139, 153, 153, 182, 182, 182, 182, 43, 43, 43, 276, 276, 276, 276, 346, 346, 284, 376, 376, 376, 376, 460, 263, 263, 263, 170, 170, 170, 170, 170, 170, 170, 170, 170, 47, 47, 2, 2, 2, 392, 392, 392, 73, 73, 73, 73, 287, 320, 7, 217, 473, 65, 476, 360, 330, 116, 94, 94, 195, 479, 331, 406, 88, 109, 109, 337, 41, 324, 324, 246, 246, 422, 186, 338, 338, 338, 338, 338, 338, 400, 400, 400, 464, 464, 464, 120, 240, 240, 239, 239, 378, 32, 239, 208, 100, 100, 250, 250, 250, 394, 394, 32, 32, 32, 354, 445, 445, 445, 180, 403, 171, 171, 416, 416, 458, 192, 192, 464, 443, 171, 171, 239, 8, 354, 354, 354, 354, 354, 420, 213, 213, 246, 246, 246, 246, 246, 246, 19, 19, 454, 414, 229, 170, 170, 126, 126, 326, 326, 408, 408, 391, 391, 391, 244, 73, 244, 73, 320, 320, 320, 7, 276, 276, 346, 346, 387, 387, 387, 240, 240, 35, 77, 354, 164, 188, 226, 226, 188, 171, 139, 139, 139, 139, 293, 122, 122, 35, 77, 68, 224, 494, 494, 106, 106, 497, 8, 416, 8, 208, 144, 27, 486, 443, 35, 94, 94, 94, 199, 199, 171, 207, 207, 31, 368, 368, 453, 453, 168, 494, 278, 278, 99, 338, 436, 436, 60, 60, 397, 106, 426, 426, 413, 413, 299, 143, 99, 338, 338, 338, 338, 338, 338, 400, 400, 213, 213, 324, 324, 464, 3, 358, 186, 338, 338, 338, 338, 338, 338, 395, 395, 273, 240, 169, 271, 116, 94, 251, 251, 431, 431, 486, 460, 146, 85, 146, 219, 219, 219, 219, 219, 324, 324, 324, 246, 246, 246, 246, 246, 19, 19, 454, 170, 414, 170, 47, 47, 47, 82, 82, 20, 155, 155, 380, 155, 25, 331, 331, 331, 217, 287, 320, 320, 7, 7, 42, 42, 42, 147, 147, 467, 337, 337, 19, 207, 19, 19, 19, 170, 17, 301, 171, 171, 171, 171, 171]

sample 882 @epoch240
[17, 287, 111, 111, 111, 450, 293, 43, 43, 364, 364, 276, 276, 276, 153, 497, 98, 7, 17, 251, 251, 251, 241, 331, 331, 106, 284, 284, 284, 284, 481, 16, 16, 16, 16, 16, 293, 413, 348, 348, 53, 53, 10, 309, 479, 331, 331, 307, 426, 426, 206, 206, 167, 169, 35, 35, 401, 442, 478, 342, 68, 68, 68, 115, 267, 267, 448, 324, 464, 464, 464, 180, 315, 265, 265, 85, 85, 240, 240, 388, 251, 219, 152, 134, 255, 132, 132, 251, 251, 251, 241, 180, 486, 486, 460, 240, 167, 35, 77, 342, 342, 224, 224, 494, 422, 99, 99, 99, 338, 338, 338, 338, 400, 400, 400, 213, 246, 246, 246, 246, 246, 422, 99, 99, 338, 338, 338, 338, 338, 400, 400, 485, 374, 374, 374, 374, 374, 132, 132, 132, 132, 375, 497, 98, 98, 129, 129, 401, 401, 401, 354, 74, 74, 213, 213, 213, 143, 458, 401, 401, 401, 354, 354, 354, 74, 213, 213, 213, 246, 301, 32, 8, 32, 4, 280, 286, 286, 213, 213, 213, 246, 246, 246, 19, 454, 454, 170, 170, 170, 170, 417, 392, 392, 47, 392, 28, 20, 20, 2, 2, 20, 2, 2, 2, 2, 20, 20, 163, 163, 73, 73, 73, 73, 289, 244, 66, 68, 115, 115, 267, 267, 267, 213, 213, 213, 246, 246, 246, 246, 246, 246, 246, 246, 246, 246, 246, 301, 8, 32, 354, 354, 384, 180, 180, 84, 460, 460, 240, 240, 35, 314, 36, 401, 108, 68, 224, 115, 267, 267, 444, 371, 152, 374, 374, 88, 43, 153, 182, 182, 182, 182, 497, 497, 276, 276, 276, 276, 276, 276, 346, 284, 206, 376, 206, 206, 206, 460, 263, 263, 263, 263, 170, 170, 170, 392, 392, 392, 47, 47, 47, 2, 47, 20, 2, 2, 73, 73, 73, 73, 73, 244, 287, 7, 251, 219, 264, 171, 171, 360, 330, 10, 398, 398, 479, 479, 250, 81, 81, 81, 81, 19, 19, 324, 324, 246, 246, 19, 422, 338, 338, 338, 338, 338, 338, 400, 400, 19, 286, 464, 464, 120, 120, 314, 32, 32, 197, 32, 32, 345, 109, 100, 122, 122, 33, 32, 239, 32, 32, 354, 384, 213, 213, 180, 171, 171, 171, 171, 32, 32, 458, 445, 445, 464, 171, 171, 314, 32, 32, 239, 32, 384, 371, 286, 213, 213, 213, 246, 246, 246, 246, 246, 246, 19, 454, 229, 170, 170, 170, 170, 392, 47, 47, 47, 47, 47, 47, 47, 20, 20, 80, 73, 20, 20, 7, 7, 219, 276, 346, 284, 284, 387, 387, 387, 167, 401, 401, 35, 14, 209, 209, 80, 188, 213, 139, 387, 387, 387, 122, 36, 36, 36, 68, 68, 224, 494, 168, 483, 251, 497, 497, 122, 32, 401, 208, 27, 486, 443, 203, 388, 94, 398, 324, 324, 171, 120, 171, 143, 368, 368, 453, 395, 106, 278, 422, 422, 338, 338, 436, 436, 60, 60, 397, 387, 426, 426, 413, 413, 299, 219, 99, 338, 338, 338, 338, 395, 395, 400, 400, 19, 213, 422, 464, 246, 358, 358, 99, 338, 338, 338, 338, 338, 395, 395, 470, 486, 330, 293, 43, 94, 303, 479, 398, 331, 331, 486, 460, 240, 146, 438, 32, 219, 219, 219, 219, 219, 213, 213, 213, 246, 246, 246, 246, 19, 19, 229, 170, 170, 170, 170, 392, 392, 392, 20, 421, 421, 20, 421, 421, 20, 20, 20, 80, 80, 80, 80, 20, 7, 219, 219, 241, 241, 241, 473, 65, 180, 41, 19, 207, 19, 454, 229, 229, 17, 219, 464, 403, 403, 403, 403, 403]

sample 882 @epoch388
[17, 287, 111, 111, 111, 450, 293, 43, 43, 364, 364, 276, 276, 276, 153, 497, 98, 7, 17, 251, 251, 251, 241, 331, 331, 106, 284, 284, 284, 284, 481, 16, 16, 16, 16, 16, 293, 413, 348, 348, 53, 53, 10, 309, 479, 331, 331, 307, 426, 426, 206, 206, 167, 169, 35, 35, 401, 442, 478, 342, 68, 68, 68, 115, 267, 267, 448, 324, 464, 464, 464, 180, 315, 265, 265, 85, 85, 240, 240, 388, 251, 219, 152, 134, 255, 132, 132, 251, 251, 251, 241, 180, 486, 486, 460, 240, 167, 35, 77, 342, 342, 224, 224, 494, 422, 99, 99, 99, 338, 338, 338, 338, 400, 400, 400, 213, 246, 246, 246, 246, 246, 422, 99, 99, 338, 338, 338, 338, 338, 400, 400, 485, 374, 374, 374, 374, 374, 132, 132, 132, 132, 375, 497, 98, 98, 129, 129, 401, 401, 401, 75, 74, 351, 213, 213, 213, 422, 143, 401, 401, 401, 354, 401, 445, 351, 213, 213, 213, 213, 143, 8, 8, 280, 280, 280, 180, 180, 213, 213, 246, 246, 246, 246, 454, 454, 454, 170, 170, 170, 170, 170, 170, 170, 47, 47, 28, 28, 28, 2, 2, 2, 2, 2, 2, 2, 2, 2, 163, 163, 316, 316, 316, 73, 289, 320, 66, 115, 115, 115, 115, 267, 267, 213, 213, 246, 246, 246, 246, 246, 246, 246, 246, 246, 246, 246, 246, 32, 8, 354, 354, 354, 354, 180, 180, 84, 284, 284, 240, 240, 35, 35, 36, 401, 77, 342, 224, 115, 115, 267, 267, 324, 301, 132, 132, 132, 43, 153, 182, 182, 182, 182, 43, 43, 8, 276, 276, 276, 276, 153, 346, 284, 284, 376, 460, 460, 460, 263, 263, 263, 263, 414, 170, 170, 170, 170, 170, 170, 28, 47, 47, 2, 47, 2, 2, 2, 2, 2, 73, 289, 289, 289, 320, 320, 70, 70, 473, 290, 290, 360, 116, 94, 199, 398, 398, 250, 250, 81, 81, 81, 324, 474, 41, 19, 3, 246, 246, 454, 143, 338, 338, 338, 338, 338, 338, 400, 400, 324, 286, 464, 464, 120, 120, 314, 314, 32, 401, 32, 32, 345, 109, 100, 98, 122, 10, 129, 76, 239, 239, 239, 384, 213, 213, 180, 171, 171, 171, 171, 416, 32, 208, 445, 445, 464, 171, 171, 314, 314, 32, 239, 32, 354, 354, 180, 213, 213, 246, 246, 246, 246, 246, 246, 246, 454, 454, 414, 414, 414, 170, 47, 170, 47, 47, 47, 47, 47, 47, 47, 80, 80, 80, 289, 320, 320, 7, 7, 70, 276, 153, 284, 284, 387, 387, 387, 35, 35, 35, 77, 14, 226, 287, 7, 287, 188, 139, 139, 387, 387, 98, 129, 8, 8, 77, 323, 342, 9, 168, 226, 251, 43, 122, 129, 32, 401, 208, 437, 284, 443, 203, 94, 94, 199, 324, 324, 403, 120, 171, 368, 368, 453, 453, 453, 168, 278, 278, 236, 99, 338, 436, 60, 60, 60, 397, 106, 426, 426, 413, 413, 299, 219, 99, 338, 338, 338, 338, 400, 400, 400, 400, 213, 213, 324, 3, 246, 143, 233, 323, 338, 338, 338, 338, 338, 338, 395, 106, 151, 319, 203, 203, 94, 303, 466, 250, 331, 106, 486, 460, 240, 146, 219, 239, 219, 219, 464, 464, 464, 213, 213, 246, 246, 246, 246, 246, 454, 454, 454, 48, 414, 170, 47, 170, 170, 392, 421, 421, 421, 47, 20, 421, 20, 421, 20, 80, 80, 80, 80, 7, 7, 32, 32, 251, 241, 241, 473, 398, 213, 41, 19, 19, 454, 454, 454, 414, 17, 219, 120, 120, 120, 120, 120, 403]

sample 882 @epoch457
[17, 287, 111, 111, 111, 450, 293, 43, 43, 364, 364, 276, 276, 276, 153, 497, 98, 7, 17, 251, 251, 251, 241, 331, 331, 106, 284, 284, 284, 284, 481, 16, 16, 16, 16, 16, 293, 413, 348, 348, 53, 53, 10, 309, 479, 331, 331, 307, 426, 426, 206, 206, 167, 169, 35, 35, 401, 442, 478, 342, 68, 68, 68, 115, 267, 267, 448, 324, 464, 464, 464, 180, 315, 265, 265, 85, 85, 240, 240, 388, 251, 219, 152, 134, 255, 132, 132, 251, 251, 251, 241, 180, 486, 486, 460, 240, 167, 35, 77, 342, 342, 224, 224, 494, 422, 99, 99, 99, 338, 338, 338, 338, 400, 400, 400, 213, 246, 246, 246, 246, 246, 422, 99, 99, 338, 338, 338, 338, 338, 400, 400, 485, 374, 374, 374, 374, 374, 132, 132, 132, 132, 375, 497, 98, 98, 129, 129, 401, 401, 75, 74, 74, 213, 213, 213, 422, 143, 129, 129, 401, 401, 401, 354, 74, 213, 213, 213, 213, 143, 143, 173, 280, 280, 280, 280, 280, 213, 213, 213, 213, 213, 246, 454, 454, 454, 414, 414, 170, 170, 170, 170, 170, 47, 47, 28, 28, 28, 2, 2, 2, 2, 2, 2, 2, 2, 2, 163, 163, 316, 316, 73, 73, 289, 73, 66, 68, 115, 115, 115, 273, 267, 267, 213, 213, 246, 246, 246, 246, 246, 246, 246, 246, 246, 246, 246, 301, 8, 32, 354, 354, 354, 354, 180, 84, 284, 284, 240, 240, 35, 35, 35, 401, 36, 342, 342, 224, 115, 273, 267, 324, 422, 132, 132, 132, 43, 153, 182, 182, 182, 182, 497, 497, 43, 43, 276, 276, 276, 276, 346, 284, 284, 376, 376, 206, 206, 460, 263, 263, 263, 263, 170, 170, 170, 170, 170, 170, 28, 47, 47, 2, 47, 2, 2, 2, 2, 2, 73, 73, 73, 73, 320, 320, 70, 70, 65, 290, 290, 360, 330, 94, 94, 33, 466, 398, 250, 324, 81, 81, 324, 474, 41, 324, 324, 246, 246, 19, 99, 99, 338, 338, 338, 338, 338, 400, 400, 422, 286, 464, 464, 120, 120, 240, 314, 32, 197, 32, 32, 345, 109, 100, 98, 98, 10, 129, 76, 239, 239, 239, 384, 445, 213, 180, 171, 403, 171, 171, 416, 416, 458, 445, 445, 464, 171, 171, 314, 314, 32, 239, 32, 354, 354, 280, 213, 213, 213, 213, 246, 246, 246, 246, 246, 19, 454, 454, 414, 414, 414, 414, 170, 47, 47, 47, 47, 47, 47, 47, 80, 80, 80, 73, 320, 320, 320, 7, 70, 276, 276, 346, 284, 387, 387, 387, 167, 35, 35, 401, 14, 226, 226, 209, 287, 188, 139, 139, 139, 293, 293, 122, 35, 8, 77, 342, 342, 9, 168, 483, 251, 497, 43, 122, 32, 401, 208, 106, 106, 443, 446, 94, 94, 94, 398, 398, 403, 120, 171, 368, 368, 368, 453, 453, 168, 278, 278, 278, 99, 99, 436, 436, 60, 60, 397, 106, 426, 426, 413, 413, 299, 219, 99, 338, 338, 338, 338, 338, 400, 400, 400, 400, 213, 324, 324, 246, 358, 233, 99, 99, 338, 338, 338, 338, 338, 395, 106, 106, 432, 446, 203, 94, 303, 466, 250, 331, 331, 486, 460, 240, 146, 438, 416, 219, 219, 464, 464, 464, 213, 213, 213, 246, 246, 246, 246, 19, 454, 454, 414, 414, 414, 414, 170, 170, 170, 421, 421, 421, 20, 421, 421, 20, 421, 20, 20, 20, 80, 80, 20, 7, 32, 32, 251, 251, 241, 473, 473, 474, 41, 19, 207, 19, 19, 454, 454, 17, 219, 443, 443, 403, 240, 240, 240, 443]


==============================================================================================================================================================
sample 890 @epoch189
[17, 17, 287, 284, 284, 319, 319, 319, 348, 175, 175, 250, 250, 250, 153, 138, 138, 138, 138, 138, 182, 182, 182, 182, 182, 182, 497, 497, 497, 98, 197, 197, 226, 226, 321, 287, 287, 287, 111, 111, 111, 438, 438, 388, 10, 10, 479, 398, 398, 324, 324, 301, 301, 399, 399, 53, 70, 70, 70, 138, 138, 138, 138, 138, 481, 426, 426, 426, 426, 426, 426, 426, 450, 450, 413, 203, 53, 250, 100, 100, 100, 153, 182, 182, 182, 182, 98, 98, 98, 14, 14, 287, 287, 287, 111, 111, 438, 438, 251, 251, 251, 241, 241, 431, 428, 428, 428, 428, 146, 146, 146, 252, 318, 186, 162, 54, 54, 482, 482, 482, 142, 397, 196, 473, 473, 290, 290, 290, 171, 464, 464, 464, 37, 314, 32, 32, 32, 32, 384, 398, 464, 464, 464, 464, 301, 42, 42, 42, 147, 241, 431, 431, 426, 426, 426, 319, 460, 330, 178, 35, 233, 77, 270, 68, 68, 68, 224, 267, 444, 444, 324, 324, 246, 246, 246, 246, 434, 339, 303, 303, 212, 212, 420, 420, 324, 324, 422, 143, 129, 401, 270, 66, 68, 115, 273, 273, 273, 486, 376, 376, 376, 460, 460, 460, 178, 385, 233, 401, 401, 66, 68, 68, 224, 267, 448, 448, 464, 464, 464, 464, 180, 284, 265, 265, 265, 85, 85, 85, 146, 240, 240, 143, 35, 75, 34, 106, 106, 106, 106, 387, 167, 167, 35, 35, 205, 68, 68, 115, 273, 106, 284, 376, 376, 376, 376, 460, 460, 263, 263, 233, 233, 170, 170, 170, 392, 392, 244, 312, 187, 12, 12, 12, 12, 12, 12, 12, 392, 392, 392, 392, 392, 392, 244, 73, 289, 66, 66, 66, 66, 68, 115, 273, 7, 7, 378, 378, 88, 88, 88, 174, 174, 174, 319, 348, 348, 64, 64, 64, 398, 398, 464, 464, 464, 180, 139, 315, 315, 315, 450, 450, 450, 413, 413, 413, 381, 381, 303, 473, 252, 41, 207, 207, 207, 301, 416, 129, 129, 259, 354, 354, 106, 106, 284, 319, 319, 330, 388, 243, 243, 233, 401, 270, 164, 205, 205, 205, 205, 336, 261, 261, 7, 444, 444, 444, 213, 213, 246, 246, 246, 246, 246, 246, 246, 19, 454, 454, 229, 229, 170, 392, 392, 392, 392, 392, 392, 392, 63, 63, 63, 63, 63, 63, 392, 392, 392, 73, 73, 289, 289, 209, 287, 287, 284, 460, 460, 178, 35, 35, 75, 371, 224, 31, 31, 31, 31, 31, 162, 54, 482, 323, 323, 323, 273, 273, 106, 106, 153, 153, 387, 274, 375, 98, 98, 98, 233, 233, 414, 197, 392, 392, 244, 80, 249, 321, 7, 7, 7, 7, 7, 398, 213, 246, 246, 246, 246, 19, 3, 197, 197, 188, 188, 188, 324, 422, 99, 99, 338, 338, 338, 338, 338, 400, 400, 286, 286, 286, 286, 374, 378, 173, 8, 129, 259, 29, 29, 100, 275, 275, 375, 98, 98, 13, 170, 82, 170, 170, 392, 392, 392, 63, 63, 63, 63, 63, 63, 63, 63, 63, 63, 63, 63, 63, 63, 392, 244, 289, 289, 321, 209, 287, 287, 284, 460, 460, 240, 240, 35, 35, 77, 401, 68, 68, 224, 494, 444, 444, 444, 324, 324, 246, 246, 246, 301, 301, 43, 345, 276, 276, 276, 346, 346, 346, 284, 265, 376, 376, 85, 240, 240, 240, 35, 75, 75, 75, 108, 377, 485, 301, 301, 143, 129, 354, 7, 242, 242, 236, 197, 401, 7, 7, 309, 398, 398, 278, 278, 374, 374, 251, 374, 374, 374, 374, 132, 132, 132, 132, 132, 374, 374, 374]


================================================================================================================================================================
sample 878 @epoch240
[17, 251, 251, 251, 241, 241, 431, 431, 486, 284, 284, 284, 284, 284, 284, 16, 284, 315, 315, 284, 284, 284, 284, 284, 284, 480, 480, 480, 480, 480, 85, 85, 85, 85, 146, 146, 264, 468, 468, 406, 467, 337, 337, 337, 324, 324, 464, 464, 464, 464, 120, 282, 282, 282, 282, 282, 413, 359, 345, 345, 132, 275, 303, 303, 303, 117, 219, 219, 324, 324, 464, 464, 318, 31, 162, 54, 54, 494, 482, 172, 172, 115, 273, 273, 273, 486, 460, 169, 215, 215, 401, 401, 320, 321, 345, 345, 141, 141, 186, 186, 323, 323, 323, 323, 323, 397, 397, 397, 7, 153, 153, 153, 88, 88, 346, 346, 284, 426, 426, 426, 426, 426, 282, 413, 413, 303, 303, 48, 48, 364, 345, 345, 345, 132, 324, 132, 132, 236, 32, 32, 75, 310, 310, 161, 107, 107, 395, 397, 397, 106, 106, 153, 153, 153, 182, 182, 182, 182, 497, 483, 483, 14, 226, 321, 209, 440, 188, 89, 191, 455, 236, 236, 239, 401, 239, 354, 354, 371, 286, 286, 264, 365, 330, 330, 303, 303, 303, 303, 42, 42, 42, 364, 364, 364, 217, 217, 473, 398, 213, 213, 213, 422, 143, 36, 75, 310, 107, 107, 395, 400, 213, 213, 213, 19, 19, 454, 454, 229, 170, 170, 170, 392, 244, 312, 312, 292, 292, 292, 292, 292, 292, 292, 292, 21, 1, 408, 408, 408, 391, 228, 56, 228, 228, 149, 228, 289, 209, 287, 287, 460, 460, 460, 178, 35, 77, 66, 68, 172, 224, 219, 152, 152, 152, 139, 139, 139, 139, 496, 274, 43, 43, 458, 208, 208, 208, 441, 106, 153, 153, 153, 387, 387, 387, 387, 413, 396, 467, 59, 303, 303, 303, 98, 98, 98, 48, 48, 48, 48, 170, 82, 225, 226, 287, 287, 287, 111, 438, 178, 178, 233, 36, 77, 77, 68, 68, 224, 97, 7, 196, 309, 309, 309, 479, 331, 443, 443, 240, 143, 143, 36, 77, 68, 119, 351, 428, 428, 428, 428, 146, 146, 146, 252, 34, 34, 324, 301, 301, 251, 251, 241, 241, 431, 431, 486, 376, 376, 376, 376, 376, 376, 376, 460, 460, 460, 282, 282, 385, 76, 239, 75, 131, 131, 397, 106, 106, 387, 255, 167, 143, 36, 77, 342, 224, 224, 273, 437, 151, 167, 167, 215, 35, 320, 7, 7, 127, 448, 448, 464, 464, 301, 301, 399, 42, 42, 147, 147, 106, 106, 284, 284, 284, 284, 426, 450, 450, 450, 413, 43, 43, 276, 276, 276, 346, 346, 426, 426, 426, 426, 206, 167, 215, 197, 401, 321, 354, 287, 287, 111, 111, 438, 438, 236, 36, 36, 108, 119, 351, 351, 443, 443, 443, 240, 236, 143, 75, 384, 371, 448, 324, 324, 324, 246, 246, 246, 246, 246, 246, 301, 243, 129, 401, 401, 354, 354, 287, 284, 319, 240, 167, 167, 401, 75, 68, 224, 86, 86, 238, 142, 26, 251, 251, 398, 331, 331, 374, 153, 153, 182, 182, 182, 497, 43, 276, 276, 364, 276, 346, 346, 284, 206, 376, 376, 460, 263, 263, 233, 233, 170, 392, 392, 392, 392, 392, 392, 392, 63, 63, 73, 73, 211, 435, 63, 63, 73, 63, 63, 63, 63, 63, 73, 73, 289, 320, 7, 320, 441, 153, 153, 387, 387, 122, 122, 122, 10, 303, 243, 32, 32, 32, 217, 70, 65, 284, 284, 426, 98, 98, 13, 48, 170, 417, 82, 392, 392, 392, 392, 63, 63, 63, 63, 63, 63, 63, 63, 63, 63, 63, 73, 73, 73, 289, 320, 7, 287, 287, 153, 424, 182, 182, 98]

sample 878 @epoch388
[17, 251, 251, 251, 241, 241, 431, 431, 486, 284, 284, 284, 284, 284, 284, 16, 284, 315, 315, 284, 284, 284, 284, 284, 284, 480, 480, 480, 480, 480, 85, 85, 85, 85, 146, 146, 264, 468, 468, 406, 467, 337, 337, 337, 324, 324, 464, 464, 464, 464, 120, 282, 282, 282, 282, 282, 413, 359, 345, 345, 132, 275, 303, 303, 303, 117, 219, 219, 324, 324, 464, 464, 318, 31, 162, 54, 54, 494, 482, 172, 172, 115, 273, 273, 273, 486, 460, 169, 215, 215, 401, 401, 320, 321, 345, 345, 141, 141, 186, 186, 323, 323, 323, 323, 323, 397, 397, 397, 7, 153, 153, 153, 88, 88, 346, 346, 284, 426, 426, 426, 426, 426, 282, 413, 413, 303, 303, 48, 48, 364, 345, 345, 345, 132, 324, 132, 132, 236, 32, 32, 75, 310, 310, 161, 107, 107, 395, 397, 397, 106, 106, 153, 153, 153, 182, 182, 182, 182, 497, 483, 483, 14, 226, 321, 209, 440, 188, 89, 191, 455, 236, 236, 239, 401, 239, 354, 354, 371, 286, 286, 264, 365, 330, 330, 303, 303, 303, 303, 42, 42, 42, 364, 364, 364, 217, 217, 473, 398, 213, 213, 213, 422, 143, 36, 75, 310, 107, 107, 395, 400, 213, 213, 213, 19, 19, 454, 454, 229, 170, 170, 170, 392, 244, 312, 312, 292, 292, 292, 292, 292, 292, 292, 292, 21, 1, 408, 408, 408, 391, 228, 56, 228, 228, 149, 228, 289, 209, 287, 287, 460, 460, 460, 178, 35, 77, 66, 68, 172, 224, 219, 152, 152, 152, 139, 139, 139, 139, 496, 274, 43, 43, 458, 208, 208, 208, 441, 106, 153, 153, 153, 387, 387, 387, 387, 413, 396, 467, 59, 303, 303, 303, 98, 98, 98, 48, 48, 48, 48, 170, 82, 225, 226, 287, 287, 287, 111, 438, 178, 178, 233, 36, 77, 77, 68, 68, 224, 97, 7, 196, 309, 309, 309, 479, 331, 443, 443, 240, 143, 143, 36, 77, 68, 119, 351, 428, 428, 428, 428, 146, 146, 146, 252, 34, 34, 324, 301, 301, 251, 251, 241, 241, 431, 431, 486, 376, 376, 376, 376, 376, 376, 376, 460, 460, 460, 282, 282, 385, 76, 239, 75, 131, 131, 397, 106, 106, 387, 255, 167, 143, 36, 77, 342, 224, 224, 273, 437, 151, 167, 167, 215, 35, 320, 7, 7, 127, 448, 448, 464, 464, 301, 301, 399, 42, 42, 147, 147, 106, 106, 284, 284, 284, 284, 426, 450, 450, 450, 413, 43, 43, 276, 276, 276, 346, 346, 426, 426, 426, 426, 206, 167, 215, 197, 401, 401, 320, 354, 287, 284, 111, 111, 438, 438, 236, 77, 77, 449, 119, 351, 351, 443, 240, 240, 240, 314, 129, 75, 371, 371, 448, 324, 301, 464, 246, 246, 246, 246, 246, 246, 301, 233, 401, 401, 401, 354, 106, 284, 284, 240, 240, 35, 35, 35, 75, 68, 224, 86, 86, 6, 336, 26, 251, 251, 331, 331, 331, 374, 153, 153, 182, 182, 182, 43, 43, 43, 276, 276, 276, 346, 284, 284, 284, 376, 460, 263, 263, 263, 170, 170, 170, 392, 392, 392, 392, 392, 392, 392, 63, 63, 73, 73, 73, 435, 63, 63, 63, 63, 63, 63, 63, 63, 63, 73, 320, 320, 7, 7, 153, 153, 153, 387, 387, 387, 274, 35, 10, 303, 243, 32, 239, 239, 196, 65, 65, 284, 284, 426, 98, 98, 98, 48, 170, 170, 170, 392, 392, 392, 392, 63, 63, 63, 63, 63, 63, 63, 63, 63, 63, 63, 73, 73, 73, 320, 320, 7, 287, 284, 153, 424, 182, 182]

sample 878 @epoch457
[17, 251, 251, 251, 241, 241, 431, 431, 486, 284, 284, 284, 284, 284, 284, 16, 284, 315, 315, 284, 284, 284, 284, 284, 284, 480, 480, 480, 480, 480, 85, 85, 85, 85, 146, 146, 264, 468, 468, 406, 467, 337, 337, 337, 324, 324, 464, 464, 464, 464, 120, 282, 282, 282, 282, 282, 413, 359, 345, 345, 132, 275, 303, 303, 303, 117, 219, 219, 324, 324, 464, 464, 318, 31, 162, 54, 54, 494, 482, 172, 172, 115, 273, 273, 273, 486, 460, 169, 215, 215, 401, 401, 320, 321, 345, 345, 141, 141, 186, 186, 323, 323, 323, 323, 323, 397, 397, 397, 7, 153, 153, 153, 88, 88, 346, 346, 284, 426, 426, 426, 426, 426, 282, 413, 413, 303, 303, 48, 48, 364, 345, 345, 345, 132, 324, 132, 132, 236, 32, 32, 75, 310, 310, 161, 107, 107, 395, 397, 397, 106, 106, 153, 153, 153, 182, 182, 182, 182, 497, 483, 483, 14, 226, 321, 209, 440, 188, 89, 191, 455, 236, 236, 239, 401, 239, 354, 354, 371, 286, 286, 264, 365, 330, 330, 303, 303, 303, 303, 42, 42, 42, 364, 364, 364, 217, 217, 473, 398, 213, 213, 213, 422, 143, 36, 75, 310, 107, 107, 395, 400, 213, 213, 213, 19, 19, 454, 454, 229, 170, 170, 170, 392, 244, 312, 312, 292, 292, 292, 292, 292, 292, 292, 292, 21, 1, 408, 408, 408, 391, 228, 56, 228, 228, 149, 228, 289, 209, 287, 287, 460, 460, 460, 178, 35, 77, 66, 68, 172, 224, 219, 152, 152, 152, 139, 139, 139, 139, 496, 274, 43, 43, 458, 208, 208, 208, 441, 106, 153, 153, 153, 387, 387, 387, 387, 413, 396, 467, 59, 303, 303, 303, 98, 98, 98, 48, 48, 48, 48, 170, 82, 225, 226, 287, 287, 287, 111, 438, 178, 178, 233, 36, 77, 77, 68, 68, 224, 97, 7, 196, 309, 309, 309, 479, 331, 443, 443, 240, 143, 143, 36, 77, 68, 119, 351, 428, 428, 428, 428, 146, 146, 146, 252, 34, 34, 324, 301, 301, 251, 251, 241, 241, 431, 431, 486, 376, 376, 376, 376, 376, 376, 376, 460, 460, 460, 282, 282, 385, 76, 239, 75, 131, 131, 397, 106, 106, 387, 255, 167, 143, 36, 77, 342, 224, 224, 273, 437, 151, 167, 167, 215, 35, 320, 7, 7, 127, 448, 448, 464, 464, 301, 301, 399, 42, 42, 147, 147, 106, 106, 284, 284, 284, 284, 426, 450, 450, 450, 413, 43, 43, 276, 276, 276, 346, 346, 426, 426, 426, 426, 206, 167, 215, 197, 401, 321, 354, 287, 287, 111, 111, 438, 438, 236, 36, 36, 108, 119, 351, 351, 443, 443, 443, 240, 236, 143, 75, 384, 371, 448, 324, 324, 324, 246, 246, 246, 246, 246, 246, 301, 243, 129, 401, 259, 354, 287, 287, 319, 460, 167, 167, 35, 75, 77, 342, 86, 86, 238, 142, 26, 26, 26, 479, 479, 331, 374, 153, 153, 153, 182, 182, 497, 43, 43, 43, 364, 276, 346, 346, 346, 284, 376, 376, 460, 263, 263, 233, 233, 305, 392, 392, 392, 392, 392, 392, 392, 63, 63, 392, 244, 211, 435, 63, 63, 392, 63, 63, 63, 63, 63, 392, 244, 289, 320, 320, 320, 441, 153, 153, 387, 387, 387, 496, 122, 348, 303, 243, 32, 32, 32, 196, 70, 65, 65, 65, 426, 98, 98, 98, 48, 48, 417, 82, 170, 170, 244, 392, 63, 63, 63, 63, 63, 63, 63, 63, 63, 63, 63, 73, 392, 244, 289, 320, 320, 287, 287, 153, 424, 182, 182, 375, 98]

======================================================================================================================================================================
sample 879 @epoch353
[17, 217, 217, 217, 217, 473, 473, 65, 264, 264, 264, 264, 264, 264, 468, 468, 406, 467, 337, 337, 337, 337, 301, 385, 457, 129, 259, 7, 7, 8, 473, 109, 104, 468, 468, 468, 406, 337, 337, 337, 324, 434, 434, 339, 94, 94, 94, 199, 398, 324, 340, 340, 116, 94, 33, 250, 250, 106, 153, 153, 182, 182, 182, 182, 182, 182, 293, 497, 122, 143, 129, 129, 259, 144, 208, 27, 437, 437, 284, 426, 426, 426, 206, 306, 396, 396, 396, 406, 495, 495, 59, 467, 334, 59, 59, 375, 375, 303, 98, 98, 98, 263, 263, 263, 13, 417, 414, 170, 82, 170, 170, 170, 28, 244, 2, 2, 244, 12, 12, 163, 392, 63, 63, 392, 63, 244, 73, 73, 73, 320, 7, 7, 309, 479, 331, 398, 360, 360, 360, 434, 434, 434, 434, 434, 434, 434, 434, 3, 325, 188, 324, 324, 422, 422, 349, 349, 205, 205, 261, 25, 106, 284, 460, 460, 169, 150, 162, 342, 342, 232, 232, 342, 115, 273, 273, 470, 290, 171, 171, 360, 339, 339, 64, 398, 398, 398, 398, 398, 398, 286, 286, 286, 468, 285, 325, 337, 41, 324, 324, 324, 286, 286, 468, 325, 406, 467, 337, 41, 41, 41, 19, 19, 19, 19, 454, 454, 454, 229, 414, 414, 414, 170, 170, 312, 187, 187, 187, 187, 187, 12, 12, 12, 12, 392, 163, 163, 316, 391, 73, 73, 73, 73, 73, 320, 209, 83, 188, 188, 171, 171, 171, 171, 171, 246, 246, 464, 464, 464, 464, 120, 171, 240, 240, 314, 314, 239, 239, 239, 131, 106, 106, 106, 153, 497, 497, 43, 143, 129, 259, 208, 208, 100, 153, 153, 153, 182, 182, 182, 182, 182, 182, 375, 375, 375, 375, 98, 98, 13, 414, 414, 414, 414, 414, 414, 47, 249, 47, 244, 47, 47, 47, 244, 73, 73, 244, 73, 320, 425, 425, 425, 241, 331, 431, 374, 132, 132, 132, 132, 406, 313, 285, 34, 337, 213, 213, 213, 213, 213, 246, 246, 246, 246, 3, 3, 3, 197, 197, 197, 197, 197, 197, 197, 197, 197, 226, 226, 82, 209, 188, 188, 188, 278, 278, 278, 37, 37, 236, 314, 314, 32, 32, 32, 32, 32, 32, 32, 354, 354, 109, 286, 286, 286, 171, 286, 286, 286, 286, 468, 468, 468, 406, 406, 467, 337, 41, 324, 324, 3, 3, 3, 14, 14, 259, 440, 145, 145, 460, 460, 240, 385, 35, 36, 77, 342, 232, 232, 172, 115, 267, 267, 267, 267, 213, 213, 213, 213, 246, 19, 19, 454, 454, 229, 229, 414, 82, 312, 126, 126, 126, 292, 292, 408, 408, 408, 408, 408, 408, 408, 149, 392, 244, 73, 73, 289, 82, 83, 188, 188, 188, 264, 264, 264, 264, 468, 468, 406, 406, 467, 467, 337, 464, 464, 330, 388, 94, 251, 251, 241, 241, 431, 376, 376, 376, 376, 376, 376, 460, 460, 460, 263, 263, 263, 263, 225, 414, 414, 414, 226, 226, 209, 287, 287, 100, 100, 100, 375, 98, 143, 129, 129, 458, 458, 458, 208, 208, 441, 100, 426, 426, 426, 426, 426, 426, 98, 263, 263, 263, 193, 17, 188, 403, 403, 403, 403, 403, 403, 403, 403, 403, 403, 403, 403, 403, 403, 403, 403, 403, 403, 403, 403, 403, 403, 403, 403, 403, 403, 403, 403, 403, 403, 403, 403, 403, 403, 403, 403, 403, 403, 403, 403, 403, 403, 403, 403, 403, 403, 403, 403, 403, 403, 403, 403, 403, 403, 403, 403, 403, 403, 403, 403, 403, 403, 403, 403, 403, 403, 403, 403, 403, 403]

=======================================================================================================================================================================
sample 858 @epoch356
[17, 17, 437, 284, 284, 284, 426, 426, 426, 426, 426, 319, 413, 413, 348, 250, 250, 250, 276, 276, 346, 346, 346, 346, 428, 146, 146, 422, 422, 31, 162, 232, 232, 232, 172, 172, 115, 115, 273, 273, 273, 151, 460, 460, 215, 35, 233, 375, 375, 375, 497, 186, 186, 323, 323, 323, 323, 238, 142, 397, 494, 494, 109, 498, 467, 313, 37, 385, 385, 183, 3, 3, 3, 464, 464, 110, 443, 443, 169, 169, 169, 150, 150, 150, 482, 482, 482, 482, 482, 115, 115, 267, 267, 267, 267, 213, 213, 246, 246, 246, 246, 246, 246, 3, 301, 143, 259, 259, 354, 106, 499, 284, 265, 306, 306, 85, 468, 406, 406, 467, 467, 467, 315, 315, 315, 450, 450, 203, 203, 53, 381, 168, 404, 225, 225, 197, 197, 320, 320, 127, 114, 114, 114, 403, 403, 403, 403, 207, 207, 301, 301, 378, 133, 8, 276, 346, 346, 346, 284, 284, 284, 426, 426, 450, 450, 413, 413, 348, 250, 364, 276, 276, 276, 138, 138, 138, 138, 182, 182, 426, 426, 426, 413, 413, 282, 282, 303, 303, 303, 303, 303, 303, 303, 303, 303, 303, 303, 479, 331, 331, 499, 106, 284, 284, 481, 481, 481, 481, 426, 426, 375, 98, 263, 263, 13, 13, 78, 170, 170, 170, 170, 28, 28, 28, 341, 341, 341, 341, 244, 341, 341, 12, 12, 12, 12, 12, 12, 260, 260, 260, 63, 63, 63, 63, 244, 63, 63, 244, 63, 63, 63, 73, 244, 73, 73, 244, 321, 320, 7, 7, 7, 479, 398, 398, 398, 360, 360, 360, 360, 434, 246, 246, 246, 246, 246, 246, 246, 246, 246, 324, 301, 301, 143, 259, 259, 354, 106, 284, 284, 284, 284, 426, 450, 450, 413, 175, 293, 497, 497, 497, 98, 197, 7, 32, 473, 473, 398, 398, 464, 464, 464, 464, 374, 374, 116, 116, 250, 250, 250, 153, 153, 153, 153, 153, 153, 182, 182, 387, 497, 497, 122, 122, 122, 143, 310, 310, 107, 107, 107, 395, 395, 395, 106, 106, 153, 424, 424, 182, 293, 293, 497, 497, 98, 35, 229, 229, 229, 170, 247, 312, 126, 126, 23, 23, 101, 155, 155, 320, 441, 148, 148, 153, 153, 182, 387, 387, 413, 122, 122, 250, 76, 465, 259, 208, 441, 441, 441, 346, 151, 169, 150, 150, 162, 54, 172, 172, 115, 273, 273, 494, 278, 278, 325, 286, 464, 464, 464, 264, 264, 264, 120, 120, 120, 282, 282, 271, 271, 271, 77, 77, 342, 433, 433, 115, 224, 267, 267, 267, 213, 213, 246, 246, 246, 246, 19, 197, 197, 226, 440, 440, 440, 89, 89, 446, 322, 67, 416, 32, 239, 259, 354, 354, 398, 464, 171, 403, 171, 171, 464, 464, 464, 464, 139, 139, 139, 293, 497, 497, 497, 122, 122, 310, 310, 107, 107, 395, 395, 395, 106, 153, 424, 424, 424, 424, 497, 497, 497, 497, 497, 122, 122, 42, 147, 380, 288, 288, 337, 337, 324, 19, 403, 403, 403, 403, 403, 403, 403, 403, 403, 403, 403, 403, 403, 403, 403, 403, 403, 403, 403, 403, 403, 403, 403, 403, 403, 403, 403, 403, 403, 403, 403, 403, 403, 403, 403, 403, 403, 403, 403, 403, 403, 403, 403, 403, 403, 403, 403, 403, 403, 403, 403, 403, 403, 403, 403, 403, 403, 403, 403, 403, 403, 403, 403, 403, 403, 403, 403, 403, 403, 403, 403, 403, 403, 403, 403, 403, 403, 403, 403, 403, 403, 403, 403, 403, 403, 403, 403, 403, 403, 403, 403, 403, 403, 403, 403, 403, 403, 403, 403, 403]

sample 858 @epoch364 
[17, 437, 284, 284, 284, 284, 426, 426, 426, 426, 426, 450, 413, 413, 457, 250, 250, 276, 276, 174, 174, 174, 428, 438, 146, 324, 324, 324, 257, 257, 31, 162, 232, 232, 172, 172, 115, 273, 273, 351, 151, 460, 178, 215, 458, 458, 208, 208, 441, 345, 345, 141, 141, 186, 269, 323, 323, 323, 142, 397, 397, 397, 345, 109, 255, 116, 116, 53, 303, 117, 117, 398, 324, 324, 464, 464, 464, 145, 443, 443, 460, 169, 150, 150, 162, 232, 232, 232, 482, 172, 115, 115, 267, 267, 267, 267, 213, 246, 246, 246, 246, 246, 301, 301, 8, 129, 401, 401, 354, 354, 180, 180, 486, 486, 486, 460, 240, 240, 406, 285, 467, 180, 315, 315, 319, 203, 203, 381, 381, 381, 117, 117, 335, 197, 226, 226, 80, 20, 320, 7, 7, 345, 109, 109, 403, 403, 171, 171, 301, 301, 42, 43, 43, 364, 276, 276, 276, 346, 346, 284, 284, 426, 426, 282, 282, 282, 413, 303, 251, 251, 147, 276, 276, 346, 499, 355, 303, 303, 303, 282, 355, 282, 303, 303, 303, 303, 303, 303, 303, 303, 303, 303, 303, 303, 303, 303, 303, 303, 303, 479, 331, 106, 106, 284, 284, 481, 481, 426, 375, 98, 98, 263, 263, 13, 417, 170, 170, 170, 170, 170, 20, 28, 28, 28, 28, 20, 362, 362, 362, 362, 362, 362, 362, 20, 362, 362, 362, 366, 366, 366, 366, 366, 366, 20, 366, 366, 366, 366, 366, 366, 366, 316, 316, 316, 20, 73, 73, 73, 73, 289, 320, 7, 309, 479, 479, 398, 398, 360, 360, 360, 434, 434, 252, 252, 143, 36, 75, 188, 188, 324, 301, 422, 129, 129, 401, 259, 354, 354, 420, 284, 284, 284, 426, 319, 203, 53, 53, 199, 319, 255, 167, 457, 457, 401, 196, 217, 473, 473, 476, 476, 324, 464, 464, 143, 251, 241, 241, 32, 364, 276, 276, 153, 387, 387, 387, 387, 387, 387, 122, 122, 122, 24, 239, 239, 239, 401, 401, 310, 107, 395, 395, 395, 374, 106, 153, 387, 182, 387, 387, 387, 387, 98, 233, 414, 170, 414, 312, 47, 47, 47, 80, 80, 80, 80, 80, 80, 80, 80, 80, 7, 7, 345, 148, 153, 387, 132, 132, 132, 132, 497, 129, 129, 208, 208, 208, 441, 153, 153, 153, 387, 141, 38, 162, 162, 232, 172, 172, 115, 444, 106, 494, 494, 251, 251, 359, 81, 464, 180, 180, 180, 180, 120, 120, 120, 120, 240, 314, 129, 36, 449, 270, 270, 68, 68, 115, 224, 444, 267, 213, 213, 213, 213, 246, 19, 197, 197, 226, 321, 209, 209, 209, 345, 387, 251, 255, 236, 236, 239, 239, 239, 401, 239, 239, 180, 180, 213, 286, 286, 171, 171, 464, 464, 139, 139, 387, 182, 497, 43, 43, 129, 129, 32, 32, 384, 107, 107, 395, 213, 374, 106, 387, 153, 182, 182, 182, 182, 182, 182, 182, 182, 42, 42, 42, 42, 147, 147, 456, 456, 301, 301, 219, 301, 301, 301, 301, 301, 301, 301, 301, 301, 301, 301, 301, 301, 301, 301, 301, 301, 301, 301, 301, 301, 301, 301, 301, 301, 301, 301, 301, 301, 301, 301, 301, 301, 301, 301, 301, 301, 301, 301, 301, 301, 301, 301, 301, 301, 301, 301, 301, 301, 301, 301, 301, 301, 301, 301, 301, 301, 301, 301, 301, 301, 301, 301, 301, 301, 301, 301, 301, 301, 301, 301, 301, 301, 301, 301, 301, 301, 301, 301, 301, 301, 301, 301, 301, 301, 301, 301, 301, 301, 301, 301, 301, 301, 301, 301, 301, 301, 301, 301]

sample 858 @epoch411
[17, 437, 284, 284, 284, 284, 426, 426, 426, 426, 426, 450, 413, 413, 457, 250, 250, 276, 276, 174, 174, 174, 428, 438, 146, 324, 324, 324, 257, 257, 31, 162, 232, 232, 172, 172, 115, 273, 273, 351, 151, 460, 178, 215, 458, 458, 208, 208, 441, 345, 345, 141, 141, 186, 269, 323, 323, 323, 142, 397, 397, 397, 345, 109, 255, 116, 116, 53, 303, 117, 117, 398, 324, 324, 464, 464, 464, 145, 443, 443, 460, 169, 150, 150, 162, 232, 232, 232, 482, 172, 115, 115, 267, 267, 267, 267, 213, 246, 246, 246, 246, 246, 301, 301, 8, 129, 401, 401, 401, 354, 106, 180, 486, 376, 376, 460, 460, 240, 240, 406, 285, 337, 486, 315, 315, 319, 203, 53, 381, 381, 381, 48, 48, 14, 197, 226, 209, 80, 209, 7, 7, 7, 345, 109, 288, 171, 403, 171, 171, 8, 8, 42, 43, 364, 276, 276, 276, 346, 346, 346, 284, 405, 426, 426, 282, 282, 282, 413, 303, 251, 251, 147, 276, 276, 346, 499, 355, 303, 303, 303, 282, 355, 282, 303, 303, 303, 303, 303, 303, 303, 303, 303, 303, 303, 303, 303, 303, 303, 303, 303, 331, 331, 106, 426, 284, 284, 293, 293, 426, 375, 98, 98, 263, 263, 13, 170, 170, 170, 170, 28, 28, 28, 28, 28, 28, 28, 28, 362, 362, 362, 362, 362, 362, 362, 2, 362, 362, 362, 366, 366, 366, 366, 366, 366, 2, 366, 366, 366, 366, 366, 366, 366, 316, 316, 316, 73, 73, 73, 73, 73, 320, 320, 7, 309, 331, 331, 398, 464, 360, 434, 339, 434, 434, 76, 239, 36, 310, 108, 188, 171, 324, 301, 143, 129, 401, 401, 354, 354, 106, 106, 284, 284, 284, 426, 348, 399, 70, 70, 324, 146, 240, 35, 457, 457, 401, 196, 473, 473, 398, 213, 278, 252, 464, 464, 143, 251, 241, 431, 180, 276, 276, 346, 153, 387, 182, 182, 182, 387, 122, 122, 122, 251, 251, 239, 239, 239, 401, 354, 107, 107, 395, 395, 395, 41, 496, 153, 182, 182, 387, 122, 122, 122, 98, 233, 233, 170, 170, 47, 47, 47, 47, 47, 80, 80, 80, 80, 80, 80, 80, 66, 7, 7, 153, 153, 153, 182, 132, 132, 98, 98, 98, 129, 401, 208, 208, 441, 441, 153, 153, 153, 387, 186, 186, 162, 323, 232, 172, 172, 273, 267, 106, 116, 129, 251, 251, 251, 81, 464, 180, 180, 355, 180, 240, 240, 37, 37, 251, 314, 36, 77, 108, 224, 224, 68, 115, 115, 267, 494, 324, 324, 246, 246, 246, 246, 454, 233, 226, 226, 209, 209, 209, 287, 109, 497, 251, 129, 236, 129, 239, 239, 239, 384, 239, 239, 420, 420, 213, 286, 286, 171, 171, 464, 464, 139, 43, 43, 182, 98, 98, 122, 129, 129, 32, 239, 354, 107, 107, 395, 395, 374, 106, 387, 182, 182, 182, 182, 182, 182, 182, 182, 182, 42, 42, 42, 42, 147, 132, 374, 374, 301, 301, 219, 464, 264, 264, 264, 120, 120, 120, 120, 120, 120, 120, 120, 264, 264, 264, 264, 264, 264, 264, 264, 264, 264, 264, 264, 264, 264, 264, 264, 264, 264, 264, 264, 264, 264, 264, 264, 264, 264, 264, 264, 264, 264, 403, 403, 403, 403, 403, 264, 264, 264, 264, 264, 264, 264, 264, 264, 264, 264, 264, 264, 264, 264, 264, 264, 264, 264, 264, 264, 264, 264, 264, 264, 264, 264, 264, 264, 264, 264, 264, 264, 264, 264, 264, 264, 264, 264, 264, 264, 264, 264, 264, 264, 264, 264, 264, 264, 264, 264]

sample 858 @epoch532
[17, 437, 284, 284, 284, 284, 426, 426, 426, 426, 450, 450, 413, 413, 250, 250, 250, 276, 276, 276, 174, 109, 109, 403, 171, 171, 324, 324, 318, 318, 31, 54, 96, 270, 232, 172, 115, 273, 273, 486, 486, 460, 460, 215, 458, 75, 208, 208, 441, 345, 345, 141, 141, 186, 323, 323, 323, 323, 142, 397, 397, 494, 494, 333, 255, 385, 385, 457, 401, 32, 239, 188, 183, 183, 110, 110, 110, 145, 486, 460, 460, 169, 169, 150, 54, 54, 482, 482, 482, 482, 115, 273, 267, 267, 267, 171, 171, 171, 246, 246, 246, 246, 324, 301, 236, 129, 401, 259, 354, 354, 106, 180, 486, 486, 486, 460, 468, 406, 406, 467, 380, 180, 486, 486, 460, 460, 215, 215, 8, 102, 102, 48, 98, 197, 82, 80, 80, 249, 321, 7, 7, 345, 109, 109, 403, 403, 171, 171, 301, 116, 301, 250, 250, 364, 364, 276, 276, 346, 346, 284, 315, 315, 315, 450, 450, 413, 43, 364, 276, 276, 276, 276, 276, 138, 182, 375, 98, 98, 98, 98, 98, 98, 98, 305, 305, 305, 102, 102, 102, 102, 102, 102, 102, 102, 102, 102, 102, 102, 442, 479, 287, 287, 287, 284, 284, 284, 426, 426, 426, 206, 206, 263, 13, 233, 233, 170, 170, 392, 392, 392, 63, 63, 63, 63, 63, 63, 63, 63, 63, 63, 63, 63, 63, 63, 63, 63, 63, 63, 63, 63, 63, 63, 63, 63, 63, 63, 63, 63, 63, 63, 63, 63, 63, 63, 63, 63, 392, 244, 289, 320, 321, 7, 309, 479, 331, 331, 290, 360, 360, 246, 246, 246, 252, 252, 143, 458, 75, 188, 30, 324, 301, 301, 129, 129, 259, 259, 354, 354, 106, 284, 284, 319, 319, 203, 203, 53, 65, 375, 375, 98, 197, 401, 401, 321, 7, 7, 473, 473, 476, 324, 464, 464, 301, 285, 251, 251, 251, 4, 364, 276, 276, 276, 153, 153, 153, 387, 387, 387, 387, 122, 122, 314, 32, 401, 75, 75, 310, 107, 107, 107, 395, 395, 106, 106, 139, 139, 302, 293, 497, 497, 98, 122, 233, 229, 170, 392, 392, 392, 312, 187, 187, 292, 23, 23, 149, 149, 149, 320, 320, 441, 441, 153, 153, 153, 132, 132, 132, 132, 245, 43, 129, 458, 75, 208, 208, 441, 441, 387, 387, 169, 186, 150, 162, 54, 482, 68, 238, 6, 272, 494, 494, 26, 26, 324, 324, 464, 464, 464, 464, 120, 120, 120, 120, 282, 282, 240, 385, 233, 77, 77, 270, 433, 160, 160, 221, 196, 196, 116, 195, 195, 246, 246, 19, 48, 197, 197, 197, 170, 226, 440, 83, 83, 89, 255, 19, 236, 236, 32, 401, 82, 321, 320, 354, 473, 473, 476, 171, 171, 171, 464, 464, 139, 139, 139, 497, 497, 497, 497, 122, 122, 236, 239, 239, 75, 310, 107, 395, 395, 106, 106, 153, 424, 424, 182, 182, 182, 182, 182, 42, 42, 42, 42, 42, 147, 147, 456, 337, 324, 324, 17, 83, 443, 443, 438, 438, 438, 438, 438, 438, 438, 443, 443, 443, 443, 443, 443, 443, 443, 443, 443, 403, 403, 403, 403, 443, 443, 443, 443, 443, 443, 443, 443, 443, 443, 443, 443, 443, 443, 443, 443, 443, 443, 443, 403, 403, 403, 403, 403, 403, 403, 403, 403, 403, 403, 403, 403, 403, 403, 403, 403, 403, 403, 403, 403, 403, 403, 403, 403, 403, 403, 403, 403, 403, 403, 403, 403, 403, 403, 403, 403, 403, 403, 403, 403, 403, 403, 403, 403, 403, 403, 403, 403, 403, 403, 403, 403, 403, 403, 403, 403]

=======================================================================================================================================================================
sample 888 @epoch367
[17, 17, 309, 309, 479, 331, 398, 360, 360, 360, 360, 143, 35, 458, 75, 192, 445, 351, 351, 351, 351, 432, 120, 120, 330, 330, 330, 330, 388, 388, 116, 434, 434, 434, 303, 434, 303, 275, 434, 434, 434, 19, 19, 19, 19, 454, 303, 48, 48, 48, 48, 48, 102, 442, 102, 187, 187, 249, 249, 187, 249, 249, 2, 2, 244, 2, 73, 73, 244, 320, 321, 320, 320, 320, 7, 7, 479, 398, 398, 324, 324, 324, 324, 301, 301, 378, 378, 364, 345, 346, 346, 346, 284, 265, 265, 428, 85, 85, 146, 146, 146, 219, 34, 324, 324, 324, 191, 301, 301, 116, 251, 251, 251, 251, 331, 331, 84, 374, 153, 153, 182, 182, 182, 182, 182, 182, 182, 182, 497, 98, 98, 98, 259, 320, 345, 345, 100, 100, 497, 497, 122, 281, 453, 342, 168, 168, 168, 278, 177, 177, 422, 143, 77, 77, 270, 323, 168, 273, 106, 106, 106, 481, 481, 206, 293, 293, 122, 215, 35, 401, 7, 70, 70, 109, 109, 109, 109, 403, 403, 403, 403, 403, 403, 171, 207, 207, 207, 207, 207, 207, 207, 19, 454, 454, 454, 13, 229, 229, 170, 312, 126, 292, 292, 292, 292, 292, 23, 23, 408, 408, 408, 391, 228, 244, 321, 321, 412, 287, 287, 287, 287, 284, 284, 284, 450, 450, 450, 450, 203, 53, 250, 345, 276, 174, 174, 174, 174, 319, 319, 146, 146, 299, 207, 207, 246, 246, 246, 246, 246, 422, 186, 186, 99, 338, 338, 338, 338, 338, 338, 400, 400, 400, 400, 213, 213, 464, 464, 464, 171, 171, 318, 186, 99, 99, 338, 338, 338, 338, 338, 400, 400, 400, 400, 324, 464, 464, 464, 464, 340, 116, 116, 94, 479, 331, 331, 331, 284, 284, 284, 426, 426, 426, 426, 426, 426, 450, 413, 413, 282, 282, 275, 275, 271, 271, 49, 49, 269, 9, 9, 172, 115, 115, 273, 470, 470, 264, 443, 139, 139, 139, 139, 139, 139, 293, 293, 375, 375, 375, 98, 98, 98, 259, 441, 441, 441, 100, 100, 100, 182, 182, 182, 375, 375, 98, 98, 98, 98, 263, 13, 13, 13, 170, 244, 170, 170, 341, 244, 341, 341, 341, 341, 12, 12, 12, 12, 12, 260, 1, 260, 260, 260, 260, 260, 260, 244, 316, 73, 73, 73, 73, 244, 321, 412, 287, 287, 287, 287, 284, 284, 284, 284, 284, 111, 111, 85, 330, 388, 388, 388, 348, 466, 466, 250, 359, 359, 81, 166, 444, 444, 213, 171, 171, 171, 171, 246, 246, 246, 246, 246, 246, 246, 186, 99, 99, 338, 338, 338, 338, 338, 400, 400, 400, 400, 286, 286, 286, 286, 374, 468, 468, 406, 406, 406, 134, 134, 134, 134, 497, 497, 497, 43, 43, 129, 259, 259, 354, 420, 420, 420, 213, 213, 213, 213, 246, 246, 252, 143, 458, 75, 164, 127, 114, 470, 278, 41, 41, 41, 324, 246, 246, 246, 246, 19, 19, 197, 197, 75, 75, 445, 445, 188, 171, 171, 171, 171, 171, 171, 171, 252, 416, 445, 445, 464, 180, 403, 403, 403, 171, 171, 330, 203, 8, 76, 280, 29, 420, 420, 213, 213, 213, 360, 434, 434, 275, 275, 275, 275, 303, 19, 19, 454, 454, 414, 414, 170, 170, 80, 80, 244, 244, 321, 320, 320, 320, 451, 451, 420, 213, 213, 213, 213, 213, 246, 246, 246, 246, 246, 246, 246, 246, 197, 197, 197, 32, 32, 239, 310, 310, 107, 395, 395, 395, 180, 264, 264, 365, 365, 365, 330, 330, 330, 330, 388, 203, 35, 248, 250, 217, 473, 473]

sample 888 @epoch429
[17, 17, 309, 309, 479, 479, 398, 360, 360, 360, 143, 465, 465, 465, 458, 192, 445, 351, 351, 351, 351, 432, 330, 330, 330, 434, 434, 434, 200, 434, 434, 219, 19, 303, 19, 19, 19, 19, 454, 417, 303, 442, 442, 442, 442, 48, 417, 417, 237, 170, 170, 47, 47, 2, 2, 2, 47, 47, 2, 47, 20, 80, 20, 289, 289, 20, 320, 7, 7, 309, 479, 479, 331, 278, 177, 215, 143, 129, 465, 196, 196, 70, 65, 46, 46, 46, 46, 438, 438, 175, 251, 241, 34, 166, 191, 340, 116, 116, 10, 251, 251, 251, 251, 241, 331, 106, 153, 153, 153, 153, 182, 182, 182, 182, 182, 497, 122, 457, 197, 197, 440, 345, 345, 345, 387, 122, 236, 36, 36, 342, 224, 168, 191, 490, 236, 236, 129, 401, 401, 401, 108, 108, 119, 106, 106, 481, 206, 206, 206, 167, 35, 457, 401, 401, 401, 7, 7, 70, 109, 443, 443, 403, 171, 207, 207, 207, 207, 207, 207, 207, 207, 19, 454, 454, 78, 78, 170, 170, 170, 47, 47, 47, 47, 47, 47, 2, 2, 2, 2, 2, 2, 316, 73, 73, 73, 73, 289, 320, 209, 287, 287, 284, 284, 284, 450, 203, 217, 70, 88, 88, 153, 153, 138, 387, 387, 387, 240, 146, 219, 207, 207, 207, 246, 246, 246, 19, 143, 99, 338, 338, 338, 338, 338, 338, 338, 400, 400, 400, 324, 464, 286, 286, 171, 171, 171, 318, 99, 99, 338, 338, 338, 338, 338, 60, 400, 400, 464, 464, 464, 340, 94, 94, 10, 10, 479, 331, 331, 331, 84, 153, 284, 426, 426, 426, 426, 182, 182, 375, 375, 413, 282, 303, 94, 243, 32, 401, 465, 108, 107, 107, 395, 180, 486, 264, 264, 264, 139, 139, 139, 293, 293, 182, 182, 375, 375, 98, 98, 233, 233, 233, 226, 208, 441, 100, 100, 98, 98, 98, 98, 13, 13, 13, 170, 170, 170, 170, 28, 28, 28, 28, 28, 28, 28, 2, 2, 2, 2, 2, 2, 2, 2, 2, 2, 2, 163, 366, 366, 316, 316, 316, 73, 73, 73, 73, 289, 320, 7, 287, 287, 284, 284, 284, 284, 111, 111, 240, 285, 285, 251, 241, 241, 241, 241, 241, 431, 81, 81, 213, 171, 171, 171, 171, 246, 246, 246, 246, 246, 246, 246, 422, 99, 338, 338, 338, 338, 338, 338, 400, 400, 213, 286, 374, 374, 132, 132, 337, 467, 467, 88, 375, 375, 497, 497, 43, 122, 129, 401, 401, 401, 354, 354, 74, 213, 213, 213, 213, 246, 246, 99, 129, 401, 401, 354, 196, 196, 106, 106, 374, 34, 34, 34, 41, 19, 19, 19, 246, 19, 454, 32, 401, 384, 354, 445, 213, 464, 464, 240, 171, 252, 416, 32, 354, 180, 213, 213, 464, 464, 240, 240, 314, 32, 32, 354, 354, 354, 180, 213, 213, 246, 246, 246, 246, 246, 246, 246, 454, 454, 170, 170, 170, 47, 80, 80, 80, 80, 80, 80, 80, 80, 80, 80, 7, 213, 106, 213, 213, 246, 246, 246, 246, 246, 246, 246, 246, 454, 226, 226, 226, 7, 32, 32, 32, 371, 107, 395, 213, 213, 151, 120, 120, 264, 120, 37, 203, 203, 94, 199, 398, 398, 473, 473, 473, 398, 278, 324, 324, 236, 236, 239, 239, 107, 107, 107, 107, 395, 213, 213, 213, 213, 454, 454, 170, 170, 170, 414, 264, 264, 264, 264, 264, 264, 264, 264, 264, 264, 264, 264, 264, 264, 264, 264, 264, 264, 264, 264, 264, 264, 264, 264, 264, 264, 264, 264, 264, 264, 264, 264, 264, 264, 264]

sample 888 @epoch546
[17, 17, 309, 309, 479, 479, 398, 360, 360, 252, 143, 465, 465, 458, 458, 192, 445, 351, 351, 351, 351, 432, 432, 330, 330, 434, 434, 434, 434, 434, 219, 219, 19, 19, 19, 19, 19, 19, 454, 454, 454, 442, 442, 442, 442, 442, 442, 102, 102, 102, 237, 237, 237, 237, 47, 82, 47, 47, 2, 392, 244, 73, 73, 73, 244, 244, 7, 7, 7, 309, 479, 479, 331, 278, 278, 215, 215, 129, 129, 196, 196, 70, 65, 46, 46, 46, 46, 438, 438, 175, 251, 241, 34, 166, 278, 278, 301, 26, 251, 251, 251, 251, 251, 241, 431, 106, 153, 153, 153, 153, 182, 182, 182, 182, 182, 497, 98, 14, 197, 197, 440, 345, 345, 345, 387, 122, 281, 36, 36, 342, 224, 168, 494, 154, 422, 236, 129, 401, 401, 82, 108, 377, 87, 106, 387, 387, 206, 206, 167, 35, 35, 35, 401, 401, 401, 7, 7, 70, 65, 290, 403, 171, 171, 171, 207, 207, 207, 207, 207, 207, 207, 207, 454, 454, 454, 78, 78, 170, 170, 187, 187, 126, 126, 292, 408, 408, 23, 23, 408, 391, 391, 391, 392, 73, 73, 73, 244, 320, 83, 287, 111, 111, 206, 450, 450, 203, 53, 250, 250, 250, 138, 138, 138, 174, 426, 319, 146, 146, 146, 207, 207, 246, 246, 246, 246, 19, 143, 99, 338, 338, 338, 338, 338, 338, 338, 400, 400, 400, 30, 464, 286, 464, 464, 171, 171, 318, 186, 99, 436, 338, 338, 338, 338, 60, 60, 400, 464, 464, 464, 340, 94, 94, 10, 479, 479, 398, 331, 331, 331, 153, 426, 426, 426, 426, 282, 426, 426, 426, 413, 413, 282, 303, 303, 76, 76, 465, 465, 310, 107, 107, 395, 395, 180, 264, 264, 264, 139, 139, 139, 293, 293, 293, 182, 375, 375, 98, 98, 233, 82, 144, 208, 441, 441, 100, 100, 100, 98, 98, 98, 98, 13, 13, 13, 170, 170, 170, 170, 170, 170, 187, 187, 187, 187, 341, 12, 12, 12, 12, 12, 1, 1, 260, 260, 260, 260, 260, 63, 63, 244, 63, 63, 63, 73, 73, 289, 73, 287, 287, 287, 284, 284, 284, 284, 111, 111, 240, 285, 251, 251, 241, 241, 241, 241, 241, 431, 431, 213, 213, 360, 213, 246, 246, 246, 246, 246, 246, 246, 246, 246, 246, 99, 99, 338, 338, 338, 338, 338, 400, 400, 400, 286, 286, 286, 374, 468, 406, 337, 337, 337, 302, 497, 182, 122, 122, 122, 401, 259, 401, 401, 196, 354, 106, 106, 213, 213, 213, 246, 246, 143, 129, 401, 401, 401, 75, 354, 114, 106, 251, 34, 34, 41, 19, 19, 19, 246, 19, 454, 129, 239, 384, 384, 445, 213, 213, 264, 443, 171, 171, 416, 416, 354, 180, 180, 213, 264, 464, 330, 240, 240, 143, 8, 354, 354, 180, 180, 213, 213, 213, 246, 246, 246, 246, 246, 246, 246, 454, 454, 414, 414, 170, 170, 170, 226, 392, 80, 80, 80, 80, 7, 320, 7, 213, 106, 213, 213, 213, 246, 246, 246, 246, 246, 246, 246, 454, 454, 414, 226, 401, 401, 401, 239, 384, 107, 107, 213, 213, 443, 264, 120, 120, 120, 240, 203, 203, 399, 70, 473, 473, 473, 473, 473, 473, 278, 324, 171, 252, 143, 239, 239, 310, 107, 107, 213, 213, 213, 213, 324, 324, 19, 454, 454, 414, 17, 219, 120, 403, 403, 403, 403, 403, 403, 403, 403, 403, 403, 403, 403, 403, 403, 403, 403, 403, 403, 403, 403, 403, 403, 403, 403, 403, 403, 403, 403, 403, 403, 403, 403, 403, 403, 403]
========================================================================================================================================================================
sample 865 @epoch456
[17, 17, 17, 296, 232, 232, 232, 172, 172, 172, 115, 273, 273, 486, 486, 460, 460, 460, 178, 35, 35, 401, 458, 192, 445, 445, 451, 30, 219, 219, 219, 219, 357, 464, 278, 278, 258, 368, 31, 342, 342, 342, 164, 224, 224, 494, 494, 278, 385, 143, 129, 129, 196, 196, 479, 473, 398, 429, 41, 171, 171, 171, 246, 3, 19, 19, 454, 454, 197, 226, 226, 226, 226, 226, 226, 209, 287, 287, 287, 284, 284, 284, 284, 315, 85, 85, 85, 468, 468, 468, 468, 468, 468, 468, 59, 59, 59, 245, 452, 263, 197, 197, 414, 414, 226, 80, 80, 80, 80, 7, 32, 32, 239, 310, 107, 395, 180, 180, 443, 443, 443, 443, 271, 271, 271, 271, 39, 39, 86, 86, 68, 68, 68, 68, 68, 68, 68, 68, 68, 68, 68, 68, 68, 115, 115, 267, 444, 444, 252, 143, 143, 458, 192, 192, 196, 196, 399, 70, 70, 70, 65, 65, 284, 284, 426, 426, 206, 169, 169, 263, 233, 233, 401, 401, 226, 209, 25, 100, 223, 223, 130, 215, 129, 129, 129, 401, 401, 401, 441, 441, 441, 125, 426, 426, 426, 413, 413, 303, 303, 303, 303, 303, 48, 48, 48, 170, 170, 170, 170, 170, 170, 170, 28, 28, 28, 28, 2, 2, 2, 2, 2, 2, 2, 2, 2, 316, 73, 73, 73, 73, 289, 320, 320, 287, 287, 297, 153, 153, 387, 98, 129, 129, 458, 401, 208, 208, 441, 441, 100, 153, 153, 153, 182, 98, 98, 13, 13, 414, 414, 170, 170, 170, 80, 80, 80, 80, 7, 7, 32, 239, 4, 4, 4, 4, 280, 213, 213, 213, 213, 213, 246, 143, 143, 36, 401, 401, 401, 401, 354, 401, 401, 445, 74, 213, 213, 213, 213, 213, 246, 246, 246, 454, 48, 48, 170, 47, 47, 47, 47, 80, 80, 80, 80, 80, 80, 7, 7, 32, 32, 239, 354, 420, 284, 284, 284, 284, 284, 284, 284, 206, 263, 263, 263, 263, 35, 35, 35, 401, 449, 440, 188, 171, 171, 301, 251, 43, 43, 251, 241, 241, 241, 276, 276, 276, 346, 138, 138, 413, 195, 195, 76, 465, 465, 269, 9, 9, 9, 397, 70, 374, 374, 132, 132, 132, 43, 88, 88, 375, 274, 98, 236, 129, 239, 310, 310, 107, 107, 180, 41, 120, 240, 240, 31, 342, 342, 224, 224, 224, 68, 115, 267, 267, 267, 213, 213, 246, 246, 3, 14, 226, 226, 145, 188, 171, 464, 443, 240, 314, 314, 129, 77, 224, 224, 224, 172, 115, 336, 336, 437, 284, 486, 486, 460, 460, 406, 406, 406, 406, 122, 76, 401, 401, 401, 401, 354, 354, 354, 441, 153, 387, 387, 162, 342, 68, 68, 224, 494, 494, 236, 236, 129, 401, 270, 478, 115, 115, 115, 267, 267, 213, 213, 246, 246, 48, 48, 48, 48, 48, 48, 170, 170, 170, 170, 170, 170, 392, 392, 28, 28, 2, 2, 2, 2, 2, 2, 2, 2, 2, 2, 163, 2, 163, 73, 73, 73, 73, 73, 73, 73, 320, 7, 70, 32, 398, 398, 464, 374, 116, 132, 10, 217, 250, 250, 250, 375, 153, 182, 182, 182, 182, 182, 182, 182, 182, 182, 98, 98, 303, 48, 170, 170, 170, 170, 170, 47, 47, 47, 47, 47, 80, 80, 80, 80, 80, 80, 7, 287, 213, 213, 171, 171, 171, 143, 239, 239, 32, 239, 239, 239, 354, 354, 398, 324, 324, 434, 301, 464, 464, 355, 355, 43, 94, 217, 473, 473, 65, 65, 284, 46, 240, 240, 388, 94, 398, 398, 324, 324, 116, 236, 116]

========================================================================================================================================================================
sample 860 @epoch491
[17, 188, 324, 324, 422, 143, 143, 14, 14, 209, 287, 145, 145, 111, 111, 85, 85, 146, 146, 438, 438, 335, 14, 14, 14, 287, 145, 145, 145, 486, 265, 428, 85, 85, 85, 207, 207, 207, 19, 19, 454, 454, 454, 454, 414, 56, 56, 170, 170, 312, 187, 187, 187, 187, 1, 1, 1, 1, 1, 408, 408, 391, 391, 391, 228, 73, 73, 321, 321, 287, 287, 287, 287, 284, 284, 284, 284, 284, 426, 284, 450, 450, 450, 450, 450, 293, 293, 98, 169, 349, 349, 349, 234, 234, 234, 234, 261, 25, 25, 106, 346, 426, 426, 480, 85, 85, 85, 299, 330, 330, 388, 388, 116, 309, 398, 398, 398, 398, 464, 464, 464, 330, 330, 139, 139, 315, 319, 319, 450, 450, 450, 450, 413, 413, 43, 43, 43, 276, 276, 174, 174, 174, 284, 284, 284, 355, 355, 355, 355, 426, 426, 450, 450, 293, 293, 43, 43, 43, 276, 276, 346, 346, 346, 428, 428, 85, 146, 285, 285, 285, 285, 285, 285, 337, 337, 324, 324, 422, 422, 31, 162, 232, 232, 172, 172, 115, 115, 267, 267, 267, 267, 213, 3, 3, 3, 14, 188, 188, 464, 120, 120, 120, 271, 271, 271, 31, 162, 232, 232, 232, 232, 172, 172, 115, 115, 273, 273, 273, 273, 84, 84, 84, 84, 355, 355, 355, 452, 452, 452, 263, 48, 48, 414, 414, 170, 170, 170, 170, 170, 244, 28, 2, 2, 2, 2, 2, 63, 63, 2, 63, 63, 63, 63, 63, 63, 63, 63, 63, 63, 244, 63, 244, 73, 320, 249, 441, 441, 441, 441, 441, 153, 153, 424, 497, 497, 497, 122, 122, 216, 198, 127, 371, 114, 180, 443, 443, 486, 486, 460, 240, 240, 285, 285, 285, 285, 300, 134, 134, 134, 88, 42, 42, 42, 147, 147, 380, 380, 288, 288, 288, 213, 213, 213, 246, 246, 246, 246, 246, 246, 246, 246, 19, 19, 19, 454, 454, 454, 414, 414, 170, 170, 170, 170, 170, 28, 28, 28, 28, 2, 2, 244, 2, 63, 244, 63, 63, 63, 63, 63, 63, 63, 63, 63, 63, 63, 366, 63, 63, 63, 163, 244, 63, 63, 316, 63, 73, 73, 244, 73, 321, 7, 7, 7, 7, 7, 7, 398, 398, 374, 374, 374, 374, 374, 378, 378, 378, 43, 43, 276, 276, 276, 346, 346, 346, 284, 284, 284, 405, 405, 405, 206, 206, 206, 206, 206, 206, 98, 167, 197, 197, 226, 321, 75, 287, 287, 287, 287, 284, 284, 284, 284, 284, 284, 284, 426, 426, 426, 426, 426, 426, 426, 450, 450, 282, 413, 388, 94, 94, 94, 199, 467, 337, 337, 337, 207, 207, 207, 464, 464, 464, 468, 467, 467, 467, 467, 313, 200, 375, 76, 76, 465, 349, 393, 155, 155, 155, 441, 441, 148, 148, 153, 153, 153, 182, 182, 182, 182, 182, 182, 132, 88, 88, 88, 182, 497, 497, 497, 43, 399, 70, 70, 70, 65, 65, 46, 46, 46, 46, 146, 146, 146, 464, 464, 464, 324, 324, 464, 464, 286, 468, 406, 406, 406, 359, 324, 464, 464, 464, 355, 355, 355, 355, 263, 263, 17, 83, 403, 403, 403, 438, 438, 438, 438, 438, 438, 438, 438, 438, 438, 438, 438, 438, 438, 438, 438, 438, 438, 438, 438, 438, 438, 438, 438, 438, 438, 438, 438, 438, 438, 438, 438, 438, 438, 438, 438, 438, 438, 438, 438, 438, 438, 438, 438, 438, 438, 438, 438, 438, 438, 438, 438, 438, 438, 438, 438, 438, 438, 438, 438, 438, 438, 438, 438, 438, 438, 438, 438, 438, 438, 438]



























































